0.000072	0.600378	-0.000024	0.003455
0.000072	0.600411	-0.000024	0.003504
0.000072	0.600638	-0.000024	0.003552
0.000072	0.600703	-0.000024	0.003536
0.000072	0.600881	-0.000024	0.003471
0.000072	0.601157	-0.000025	0.003520
0.000072	0.601205	-0.000025	0.003488
0.000072	0.601416	-0.000025	0.003552
0.000072	0.601643	-0.000024	0.003552
0.000072	0.601805	-0.000025	0.003520
0.000072	0.601821	-0.000025	0.003504
0.000072	0.602097	-0.000025	0.003536
0.000072	0.602178	-0.000024	0.003471
0.000072	0.602388	-0.000026	0.003536
0.000072	0.602502	-0.000025	0.003471
0.000072	0.602648	-0.000025	0.003488
0.000072	0.602696	-0.000025	0.003536
0.000072	0.602940	-0.000024	0.003552
0.000072	0.603004	-0.000024	0.003504
0.000072	0.603199	-0.000024	0.003488
0.000072	0.603345	-0.000024	0.003520
0.000072	0.603442	-0.000025	0.003504
0.000072	0.603572	-0.000025	0.003601
0.000072	0.603604	-0.000025	0.003504
0.000072	0.603750	-0.000024	0.003504
0.000072	0.603847	-0.000025	0.003536
0.000072	0.603993	-0.000025	0.003471
0.000072	0.604074	-0.000025	0.003552
0.000072	0.604188	-0.000024	0.003520
0.000072	0.604301	-0.000026	0.003536
0.000072	0.604317	-0.000023	0.003488
0.000072	0.604479	-0.000025	0.003520
0.000072	0.604560	-0.000024	0.003520
0.000072	0.604723	-0.000025	0.003488
0.000072	0.604771	-0.000024	0.003471
0.000072	0.604852	-0.000024	0.003536
0.000072	0.604901	-0.000025	0.003601
0.000072	0.605047	-0.000024	0.003552
0.000072	0.605144	-0.000024	0.003585
0.000072	0.605209	-0.000025	0.003504
0.000072	0.605452	-0.000024	0.003601
0.000072	0.605403	-0.000024	0.003585
0.000072	0.605533	-0.000025	0.003536
0.000072	0.605792	-0.000024	0.003569
0.000072	0.605760	-0.000025	0.003617
0.000072	0.605857	-0.000023	0.003520
0.000072	0.605922	-0.000024	0.003488
0.000072	0.606036	-0.000024	0.003504
0.000072	0.606117	-0.000025	0.003439
0.000072	0.606133	-0.000025	0.003552
0.000072	0.606327	-0.000024	0.003536
0.000070	0.722645	0.022173	1.109901
0.000070	0.722564	0.022171	1.109999
0.000070	0.722467	0.022169	1.110209
0.000070	0.722321	0.022168	1.110193
0.000070	0.722321	0.022167	1.110420
0.000070	0.722289	0.022166	1.110566
0.000070	0.722175	0.022164	1.110550
0.000070	0.722191	0.022164	1.110615
0.000070	0.722126	0.022164	1.110728
0.000070	0.722062	0.022164	1.110874
0.000070	0.722126	0.022162	1.110890
0.000070	0.721997	0.022162	1.110874
0.000070	0.721948	0.022162	1.110923
0.000070	0.721900	0.022160	1.111036
0.000070	0.721900	0.022160	1.111198
0.000070	0.721851	0.022160	1.111231
0.000070	0.721835	0.022159	1.111279
0.000070	0.721786	0.022158	1.111409
0.000070	0.721640	0.022157	1.111393
0.000070	0.721721	0.022156	1.111441
0.000070	0.721656	0.022156	1.111425
0.000070	0.721543	0.022156	1.111587
0.000070	0.721575	0.022154	1.111668
0.000070	0.721478	0.022154	1.111701
0.000070	0.721527	0.022154	1.111701
0.000070	0.721543	0.022153	1.111749
0.000070	0.721429	0.022153	1.111863
0.000070	0.721478	0.022153	1.111749
0.000070	0.721446	0.022152	1.111863
0.000070	0.721462	0.022153	1.111895
0.000070	0.721365	0.022152	1.111911
0.000070	0.721413	0.022152	1.111992
0.000070	0.721413	0.022152	1.111863
0.000070	0.721429	0.022152	1.111911
0.000070	0.721446	0.022152	1.111944
0.000070	0.721365	0.022151	1.112025
0.000070	0.721397	0.022151	1.112009
0.000070	0.721429	0.022151	1.112122
0.000070	0.721381	0.022151	1.111928
0.000070	0.721413	0.022151	1.112074
0.000070	0.721446	0.022151	1.112074
0.000070	0.721413	0.022151	1.112025
0.000070	0.721446	0.022151	1.112009
0.000070	0.721413	0.022150	1.112106
0.000070	0.721365	0.022150	1.112155
0.000070	0.721348	0.022150	1.112284
0.000070	0.721300	0.022149	1.112171
0.000070	0.721300	0.022149	1.112203
0.000070	0.721300	0.022148	1.112236
0.000070	0.721284	0.022148	1.112219
0.000070	0.721235	0.022148	1.112300
0.000070	0.714103	0.029571	3.708291
0.000070	0.713503	0.029619	3.703444
0.000070	0.713049	0.029661	3.699375
0.000070	0.712450	0.029700	3.695129
0.000070	0.711963	0.029738	3.691287
0.000070	0.711509	0.029772	3.688013
0.000070	0.711039	0.029807	3.684414
0.000070	0.710715	0.029839	3.681091
0.000070	0.710196	0.029873	3.677914
0.000070	0.709807	0.029903	3.674867
0.000070	0.709402	0.029934	3.671820
0.000070	0.709078	0.029962	3.668983
0.000070	0.708738	0.029991	3.666081
0.000070	0.708381	0.030017	3.663293
0.000070	0.708041	0.030042	3.660959
0.000070	0.707733	0.030067	3.658236
0.000070	0.707408	0.030092	3.655886
0.000070	0.707019	0.030116	3.653503
0.000070	0.706744	0.030138	3.651169
0.000070	0.706582	0.030163	3.648640
0.000070	0.705998	0.030187	3.646306
0.000070	0.705885	0.030210	3.644150
0.000070	0.705463	0.030234	3.641767
0.000070	0.705188	0.030255	3.639352
0.000070	0.704961	0.030275	3.637277
0.000070	0.704669	0.030298	3.635105
0.000070	0.704426	0.030317	3.633160
0.000070	0.704053	0.030340	3.630923
0.000070	0.703842	0.030359	3.629108
0.000070	0.703567	0.030381	3.626871
0.000070	0.703389	0.030398	3.624958
0.000070	0.703097	0.030420	3.623094
0.000070	0.702951	0.030437	3.621181
0.000070	0.702594	0.030457	3.619139
0.000070	0.702351	0.030475	3.617324
0.000070	0.702059	0.030496	3.615330
0.000070	0.701784	0.030512	3.613676
0.000070	0.701557	0.030530	3.611618
0.000070	0.701460	0.030548	3.610094
0.000070	0.701087	0.030565	3.608327
0.000070	0.700827	0.030581	3.606528
0.000070	0.700698	0.030597	3.605021
0.000070	0.700374	0.030614	3.603448
0.000070	0.700276	0.030633	3.601374
0.000070	0.699952	0.030651	3.599688
0.000070	0.699709	0.030664	3.598278
0.000070	0.699466	0.030683	3.596543
0.000070	0.699320	0.030697	3.595084
0.000070	0.699028	0.030712	3.593447
0.000070	0.698866	0.030730	3.591826
0.000070	0.698704	0.030744	3.590270
0.000071	0.684683	0.032930	6.705747
0.000071	0.683889	0.033000	6.698890
0.000071	0.683046	0.033069	6.691872
0.000071	0.682138	0.033135	6.685145
0.000071	0.681263	0.033197	6.679018
0.000071	0.680533	0.033257	6.672696
0.000071	0.679804	0.033314	6.667233
0.000071	0.679075	0.033371	6.661511
0.000071	0.678345	0.033423	6.656194
0.000071	0.677697	0.033477	6.650959
0.000071	0.677032	0.033525	6.645901
0.000071	0.676400	0.033574	6.641071
0.000071	0.675687	0.033624	6.635997
0.000071	0.675071	0.033670	6.631361
0.000071	0.674536	0.033715	6.626969
0.000071	0.673920	0.033757	6.622624
0.000071	0.673304	0.033800	6.618475
0.000071	0.672721	0.033843	6.613936
0.000071	0.672250	0.033884	6.609819
0.000071	0.671602	0.033929	6.605313
0.000071	0.670954	0.033965	6.601633
0.000071	0.670565	0.034003	6.597937
0.000071	0.669949	0.034041	6.594112
0.000071	0.669592	0.034078	6.590513
0.000071	0.669090	0.034113	6.586850
0.000071	0.668522	0.034149	6.583186
0.000071	0.668052	0.034184	6.579718
0.000071	0.667582	0.034221	6.576087
0.000071	0.667031	0.034258	6.572440
0.000071	0.666480	0.034295	6.568679
0.000071	0.666026	0.034327	6.565340
0.000071	0.665588	0.034365	6.561563
0.000071	0.665118	0.034398	6.558418
0.000071	0.664616	0.034429	6.555063
0.000071	0.664227	0.034463	6.551626
0.000071	0.663660	0.034493	6.548611
0.000071	0.663384	0.034522	6.545451
0.000071	0.662865	0.034551	6.542727
0.000071	0.662444	0.034576	6.540069
0.000071	0.662136	0.034602	6.537508
0.000071	0.661779	0.034628	6.534850
0.000071	0.661455	0.034655	6.532159
0.000071	0.661066	0.034680	6.529533
0.000071	0.660872	0.034703	6.527442
0.000071	0.660466	0.034725	6.525075
0.000071	0.660142	0.034749	6.522676
0.000071	0.659769	0.034772	6.520245
0.000071	0.659510	0.034795	6.518105
0.000071	0.659040	0.034819	6.515609
0.000071	0.658781	0.034842	6.513339
0.000071	0.658440	0.034862	6.511281
