0.000010	0.545072	-0.000008	0.001867
0.000009	0.594624	0.000228	0.057076
0.000008	0.621013	0.000697	0.090710
0.000008	0.636152	0.001246	0.115348
0.000008	0.646202	0.001808	0.138787
0.000007	0.653124	0.002335	0.166440
0.000007	0.656673	0.002747	0.205196
0.000007	0.657954	0.002982	0.260956
0.000007	0.658197	0.003079	0.332180
0.000007	0.658165	0.003103	0.409368
0.000007	0.658116	0.003113	0.488178
0.000007	0.658116	0.003122	0.567247
0.000007	0.658100	0.003127	0.646834
0.000007	0.658035	0.003134	0.726001
0.000007	0.658003	0.003139	0.805118
0.000007	0.657986	0.003145	0.885241
0.000007	0.657921	0.003149	0.964536
0.000007	0.657905	0.003155	1.043654
0.000007	0.657873	0.003160	1.123047
0.000007	0.657759	0.003164	1.203089
0.000007	0.657792	0.003169	1.282466
0.000007	0.657759	0.003173	1.361778
0.000007	0.657743	0.003178	1.442111
0.000007	0.657597	0.003182	1.521407
0.000007	0.657614	0.003187	1.600979
0.000007	0.657581	0.003191	1.680291
0.000007	0.657532	0.003194	1.760543
0.000007	0.657354	0.003200	1.839936
0.000007	0.657435	0.003203	1.919005
0.000007	0.657451	0.003208	1.999258
0.000007	0.657306	0.003212	2.078797
0.000007	0.657322	0.003216	2.157947
0.000007	0.657208	0.003219	2.237486
0.000007	0.657143	0.003223	2.317236
0.000007	0.657127	0.003228	2.396581
0.000007	0.657046	0.003232	2.475958
0.000007	0.656917	0.003235	2.556340
0.000007	0.656965	0.003239	2.635717
0.000007	0.656803	0.003244	2.715175
0.000007	0.656819	0.003247	2.794455
0.000007	0.656738	0.003250	2.874854
0.000007	0.656641	0.003255	2.954150
0.000007	0.656690	0.003258	3.033511
0.000007	0.656544	0.003262	3.113925
0.000007	0.656527	0.003266	3.193675
0.000007	0.656495	0.003270	3.273101
0.000007	0.656398	0.003274	3.353435
0.000007	0.656317	0.003277	3.432747
0.000007	0.656203	0.003282	3.512092
0.000007	0.656138	0.003285	3.591356
0.000007	0.656155	0.003289	3.671657
0.000007	0.655928	0.003293	3.671187
0.000007	0.655976	0.003290	3.590837
0.000007	0.655879	0.003289	3.511379
0.000007	0.655928	0.003285	3.431937
0.000007	0.655944	0.003284	3.352398
0.000007	0.655928	0.003281	3.272145
0.000007	0.655976	0.003279	3.192460
0.000007	0.655976	0.003276	3.112548
0.000007	0.655960	0.003273	3.032230
0.000007	0.656057	0.003271	2.952642
0.000007	0.655830	0.003267	2.873249
0.000007	0.655928	0.003265	2.792575
0.000007	0.655928	0.003262	2.713311
0.000007	0.656025	0.003259	2.633691
0.000007	0.656009	0.003256	2.554281
0.000007	0.656009	0.003253	2.473899
0.000007	0.656138	0.003250	2.394360
0.000007	0.655960	0.003247	2.314886
0.000007	0.656057	0.003243	2.235120
0.000007	0.656122	0.003240	2.155597
0.000007	0.656122	0.003236	2.076333
0.000007	0.656203	0.003233	1.996794
0.000007	0.656171	0.003227	1.916704
0.000007	0.656138	0.003225	1.837229
0.000007	0.656268	0.003221	1.757852
0.000007	0.656252	0.003217	1.677519
0.000007	0.656317	0.003214	1.598126
0.000007	0.656268	0.003209	1.518733
0.000007	0.656398	0.003205	1.439453
0.000007	0.656398	0.003201	1.358974
0.000007	0.656495	0.003196	1.279872
0.000007	0.656495	0.003191	1.200414
0.000007	0.656576	0.003187	1.120259
0.000007	0.656576	0.003181	1.040882
0.000007	0.656544	0.003176	0.961862
0.000007	0.656625	0.003172	0.882404
0.000007	0.656641	0.003166	0.802460
0.000007	0.656641	0.003160	0.723439
0.000007	0.656722	0.003154	0.644160
0.000007	0.656819	0.003147	0.564669
0.000007	0.656835	0.003139	0.485617
0.000007	0.656771	0.003128	0.406921
0.000007	0.656917	0.003101	0.329829
0.000007	0.656706	0.002998	0.259465
0.000007	0.655393	0.002755	0.204531
0.000007	0.651681	0.002339	0.166245
0.000008	0.645035	0.001808	0.138738
0.000008	0.634985	0.001246	0.115299
0.000008	0.619732	0.000697	0.090742
0.000009	0.593344	0.000228	0.057076
0.000010	0.543873	-0.000007	0.001802
0.000021	0.568154	-0.000015	0.002369
0.000020	0.608597	0.000338	0.045794
0.000020	0.630706	0.000888	0.071405
0.000019	0.644500	0.001503	0.089624
0.000019	0.654566	0.002147	0.104909
0.000019	0.662460	0.002805	0.119287
0.000019	0.668879	0.003457	0.133891
0.000019	0.674196	0.004094	0.149614
0.000019	0.678459	0.004710	0.168466
0.000019	0.681409	0.005264	0.192699
0.000019	0.683338	0.005734	0.225360
0.000019	0.684099	0.006122	0.266208
0.000019	0.684407	0.006466	0.311772
0.000019	0.684602	0.006786	0.359427
0.000019	0.684748	0.007084	0.409547
0.000019	0.684894	0.007353	0.463183
0.000019	0.684942	0.007574	0.521002
0.000019	0.685056	0.007730	0.584980
0.000019	0.684959	0.007817	0.656106
0.000019	0.684959	0.007861	0.732338
0.000019	0.684813	0.007890	0.809187
0.000019	0.684780	0.007910	0.887040
0.000019	0.684699	0.007928	0.965849
0.000019	0.684553	0.007943	1.044076
0.000019	0.684570	0.007959	1.122431
0.000019	0.684456	0.007974	1.200641
0.000019	0.684359	0.007988	1.279937
0.000019	0.684294	0.008004	1.358131
0.000019	0.684116	0.008016	1.436681
0.000019	0.684018	0.008032	1.515620
0.000019	0.683954	0.008044	1.594122
0.000019	0.683759	0.008058	1.672640
0.000019	0.683646	0.008071	1.751255
0.000019	0.683613	0.008084	1.829919
0.000019	0.683386	0.008097	1.908599
0.000019	0.683273	0.008110	1.987084
0.000019	0.683143	0.008123	2.066543
0.000019	0.683046	0.008135	2.144736
0.000019	0.682884	0.008147	2.223416
0.000019	0.682770	0.008159	2.301853
0.000019	0.682722	0.008173	2.381360
0.000019	0.682479	0.008185	2.459732
0.000019	0.682365	0.008197	2.538315
0.000019	0.682219	0.008210	2.617854
0.000019	0.682073	0.008223	2.696632
0.000019	0.681895	0.008235	2.775231
0.000019	0.681765	0.008247	2.854722
0.000019	0.681571	0.008260	2.933110
0.000019	0.681409	0.008272	3.011677
0.000019	0.681214	0.008284	3.090211
0.000019	0.681020	0.008297	3.169669
0.000019	0.680647	0.008314	3.168048
0.000019	0.680582	0.008309	3.087926
0.000019	0.680566	0.008303	3.008856
0.000019	0.680533	0.008296	2.929528
0.000019	0.680614	0.008291	2.850523
0.000019	0.680550	0.008283	2.770482
0.000019	0.680566	0.008275	2.691396
0.000019	0.680631	0.008267	2.611987
0.000019	0.680469	0.008260	2.532107
0.000019	0.680614	0.008251	2.453103
0.000019	0.680679	0.008241	2.374309
0.000019	0.680582	0.008233	2.294397
0.000019	0.680728	0.008223	2.215766
0.000019	0.680760	0.008214	2.136875
0.000019	0.680777	0.008206	2.058195
0.000019	0.680841	0.008195	1.978510
0.000019	0.680987	0.008183	1.899895
0.000019	0.680906	0.008173	1.821020
0.000019	0.680955	0.008163	1.741951
0.000019	0.681085	0.008151	1.663255
0.000019	0.681263	0.008139	1.584785
0.000019	0.681263	0.008127	1.506122
0.000019	0.681344	0.008114	1.426874
0.000019	0.681409	0.008098	1.348535
0.000019	0.681506	0.008085	1.270163
0.000019	0.681474	0.008072	1.190997
0.000019	0.681668	0.008056	1.112657
0.000019	0.681684	0.008040	1.034431
0.000019	0.681814	0.008022	0.956464
0.000019	0.681992	0.008002	0.877687
0.000019	0.682008	0.007979	0.800142
0.000019	0.682171	0.007945	0.723747
0.000019	0.682203	0.007894	0.648471
0.000019	0.682252	0.007790	0.579355
0.000019	0.682252	0.007613	0.517160
0.000019	0.682235	0.007380	0.460671
0.000019	0.682154	0.007103	0.407618
0.000019	0.681911	0.006802	0.357969
0.000019	0.681863	0.006479	0.310556
0.000019	0.681652	0.006132	0.265235
0.000019	0.680825	0.005741	0.224680
0.000019	0.679139	0.005267	0.192472
0.000019	0.676027	0.004711	0.168595
0.000019	0.671894	0.004094	0.149841
0.000019	0.666593	0.003456	0.134102
0.000019	0.660110	0.002805	0.119514
0.000019	0.652313	0.002145	0.105071
0.000019	0.642344	0.001503	0.089802
0.000020	0.628566	0.000888	0.071599
0.000020	0.606522	0.000339	0.045826
0.000021	0.566080	-0.000013	0.002369
0.000033	0.581073	-0.000018	0.002855
0.000032	0.615777	0.000403	0.039521
0.000031	0.635326	0.000986	0.061776
0.000031	0.648245	0.001623	0.077564
0.000031	0.657921	0.002288	0.090839
0.000031	0.665718	0.002971	0.102867
0.000031	0.672348	0.003653	0.114311
0.000031	0.677859	0.004335	0.125673
0.000030	0.682787	0.005019	0.137717
0.000030	0.686920	0.005684	0.150781
0.000030	0.690632	0.006331	0.165840
0.000030	0.693679	0.006943	0.184108
0.000030	0.695803	0.007502	0.208276
0.000030	0.697099	0.007980	0.239819
0.000030	0.697586	0.008400	0.277619
0.000030	0.697958	0.008794	0.318580
0.000030	0.698169	0.009174	0.360368
0.000030	0.698364	0.009546	0.402803
0.000030	0.698574	0.009911	0.446098
0.000030	0.698720	0.010272	0.490415
0.000030	0.698801	0.010620	0.535250
0.000030	0.698850	0.010956	0.581478
0.000030	0.698980	0.011281	0.629555
0.000030	0.699174	0.011583	0.679075
0.000030	0.699109	0.011861	0.731301
0.000030	0.699142	0.012104	0.786899
0.000030	0.699093	0.012303	0.847635
0.000030	0.699077	0.012448	0.912959
0.000030	0.698980	0.012544	0.983193
0.000030	0.698834	0.012607	1.057562
0.000030	0.698688	0.012652	1.133097
0.000030	0.698510	0.012688	1.209086
0.000030	0.698380	0.012721	1.285740
0.000030	0.698234	0.012753	1.362961
0.000030	0.698137	0.012780	1.439728
0.000030	0.697991	0.012808	1.516723
0.000030	0.697796	0.012835	1.594754
0.000030	0.697634	0.012860	1.671992
0.000030	0.697407	0.012886	1.749294
0.000030	0.697261	0.012910	1.826402
0.000030	0.697018	0.012936	1.904676
0.000030	0.696872	0.012960	1.981962
0.000030	0.696694	0.012985	2.059362
0.000030	0.696500	0.013009	2.137442
0.000030	0.696289	0.013032	2.215279
0.000030	0.696046	0.013055	2.292744
0.000030	0.695819	0.013080	2.370986
0.000030	0.695608	0.013104	2.448321
0.000030	0.695495	0.013128	2.525802
0.000030	0.695089	0.013151	2.603136
0.000030	0.694976	0.013176	2.681282
0.000030	0.694230	0.013202	2.678445
0.000030	0.694230	0.013195	2.598970
0.000030	0.694133	0.013183	2.520290
0.000030	0.694214	0.013170	2.441740
0.000030	0.694247	0.013156	2.363335
0.000030	0.694247	0.013142	2.284088
0.000030	0.694230	0.013127	2.205829
0.000030	0.694295	0.013111	2.127246
0.000030	0.694344	0.013094	2.048388
0.000030	0.694376	0.013078	1.970421
0.000030	0.694441	0.013058	1.892552
0.000030	0.694522	0.013039	1.813612
0.000030	0.694506	0.013018	1.736132
0.000030	0.694668	0.012996	1.658230
0.000030	0.694814	0.012975	1.580636
0.000030	0.694830	0.012951	1.502329
0.000030	0.694879	0.012925	1.425237
0.000030	0.694960	0.012900	1.347951
0.000030	0.695154	0.012871	1.270779
0.000030	0.695203	0.012838	1.194174
0.000030	0.695316	0.012798	1.118347
0.000030	0.695527	0.012746	1.043849
0.000030	0.695495	0.012666	0.970955
0.000030	0.695576	0.012546	0.903152
0.000030	0.695705	0.012375	0.840357
0.000030	0.695689	0.012153	0.781874
0.000030	0.695657	0.011894	0.727897
0.000030	0.695657	0.011606	0.676822
0.000030	0.695576	0.011297	0.627967
0.000030	0.695543	0.010969	0.580473
0.000030	0.695495	0.010628	0.534569
0.000030	0.695365	0.010280	0.489588
0.000030	0.695284	0.009917	0.445369
0.000030	0.695251	0.009552	0.402204
0.000030	0.695235	0.009180	0.359897
0.000030	0.695025	0.008802	0.318045
0.000030	0.694830	0.008406	0.277133
0.000030	0.694198	0.007985	0.239479
0.000030	0.692982	0.007503	0.208243
0.000030	0.691005	0.006942	0.184335
0.000030	0.688119	0.006328	0.166099
0.000030	0.684570	0.005681	0.151138
0.000030	0.680388	0.005016	0.138090
0.000031	0.675622	0.004333	0.125949
0.000031	0.670208	0.003651	0.114554
0.000031	0.663708	0.002970	0.103110
0.000031	0.655944	0.002287	0.091050
0.000031	0.646429	0.001623	0.077694
0.000031	0.633640	0.000986	0.061825
0.000032	0.614221	0.000402	0.039553
0.000033	0.579614	-0.000018	0.002872
0.000044	0.590912	-0.000019	0.003131
0.000044	0.621143	0.000446	0.035112
0.000043	0.638924	0.001051	0.055179
0.000043	0.651162	0.001703	0.069784
0.000043	0.660450	0.002377	0.081957
0.000043	0.668068	0.003073	0.092833
0.000042	0.674568	0.003767	0.102899
0.000042	0.680112	0.004463	0.112722
0.000042	0.685121	0.005170	0.122691
0.000042	0.689546	0.005863	0.132984
0.000042	0.693485	0.006550	0.143747
0.000042	0.696970	0.007228	0.155774
0.000042	0.700098	0.007891	0.169568
0.000042	0.702675	0.008519	0.186280
0.000042	0.704718	0.009103	0.207579
0.000042	0.705950	0.009623	0.235751
0.000042	0.706695	0.010077	0.270244
0.000042	0.707100	0.010493	0.308125
0.000042	0.707279	0.010899	0.347222
0.000042	0.707522	0.011303	0.387340
0.000042	0.707765	0.011698	0.427506
0.000042	0.707943	0.012091	0.467981
0.000042	0.708008	0.012483	0.509250
0.000042	0.708170	0.012868	0.550584
0.000042	0.708235	0.013249	0.592371
0.000042	0.708413	0.013623	0.634564
0.000042	0.708478	0.013996	0.677908
0.000042	0.708576	0.014357	0.721446
0.000042	0.708705	0.014708	0.765908
0.000042	0.708802	0.015056	0.811537
0.000042	0.708770	0.015387	0.858204
0.000042	0.708770	0.015705	0.906248
0.000042	0.708689	0.016004	0.956254
0.000042	0.708802	0.016280	1.008820
0.000042	0.708738	0.016530	1.063948
0.000042	0.708624	0.016746	1.122204
0.000042	0.708478	0.016931	1.184529
0.000042	0.708381	0.017079	1.250015
0.000042	0.708203	0.017188	1.318839
0.000042	0.708041	0.017273	1.390403
0.000042	0.707846	0.017339	1.464399
0.000042	0.707635	0.017394	1.538751
0.000042	0.707425	0.017443	1.613606
0.000042	0.707230	0.017488	1.689644
0.000042	0.706971	0.017532	1.765633
0.000042	0.706711	0.017575	1.841282
0.000042	0.706485	0.017614	1.917773
0.000042	0.706128	0.017655	1.993536
0.000042	0.705804	0.017694	2.069347
0.000042	0.705658	0.017735	2.144866
0.000042	0.705236	0.017774	2.221682
0.000042	0.704734	0.017809	2.218100
0.000042	0.704637	0.017790	2.139241
0.000042	0.704669	0.017767	2.062215
0.000042	0.704637	0.017742	1.984669
0.000042	0.704620	0.017714	1.908032
0.000042	0.704701	0.017687	1.829870
0.000042	0.704750	0.017654	1.753460
0.000042	0.704847	0.017619	1.676708
0.000042	0.704896	0.017578	1.600103
0.000042	0.705009	0.017534	1.524633
0.000042	0.704928	0.017481	1.450167
0.000042	0.705107	0.017409	1.376577
0.000042	0.705172	0.017312	1.306391
0.000042	0.705253	0.017182	1.239446
0.000042	0.705317	0.017015	1.176165
0.000042	0.705285	0.016810	1.115607
0.000042	0.705366	0.016577	1.059150
0.000042	0.705317	0.016314	1.005400
0.000042	0.705285	0.016025	0.954195
0.000042	0.705188	0.015716	0.905162
0.000042	0.705220	0.015393	0.857733
0.000042	0.705253	0.015057	0.811505
0.000042	0.705236	0.014707	0.766151
0.000042	0.705026	0.014354	0.721997
0.000042	0.705123	0.013991	0.678410
0.000042	0.704961	0.013618	0.634985
0.000042	0.705009	0.013244	0.592793
0.000042	0.704928	0.012865	0.551037
0.000042	0.704912	0.012481	0.509542
0.000042	0.704734	0.012088	0.468143
0.000042	0.704685	0.011698	0.427604
0.000042	0.704523	0.011303	0.387356
0.000042	0.704539	0.010903	0.347060
0.000042	0.704361	0.010497	0.307930
0.000042	0.704037	0.010080	0.269985
0.000042	0.703356	0.009625	0.235702
0.000042	0.702157	0.009101	0.207676
0.000042	0.700212	0.008515	0.186491
0.000042	0.697813	0.007888	0.169941
0.000042	0.694652	0.007224	0.156098
0.000042	0.691361	0.006548	0.144200
0.000042	0.687568	0.005861	0.133211
0.000042	0.683305	0.005168	0.122999
0.000042	0.678394	0.004461	0.112900
0.000042	0.672899	0.003766	0.103094
0.000043	0.666545	0.003072	0.093028
0.000043	0.658975	0.002377	0.081989
0.000043	0.649898	0.001701	0.069881
0.000043	0.637838	0.001052	0.055195
0.000044	0.619992	0.000447	0.035161
0.000044	0.589875	-0.000020	0.003196
0.000056	0.598709	-0.000023	0.003326
0.000055	0.625843	0.000479	0.031886
0.000055	0.642506	0.001100	0.050349
0.000055	0.653934	0.001761	0.063916
0.000055	0.662882	0.002443	0.075343
0.000054	0.670305	0.003145	0.085588
0.000054	0.676724	0.003848	0.094876
0.000054	0.682203	0.004553	0.103872
0.000054	0.687195	0.005269	0.112657
0.000054	0.691572	0.005977	0.121524
0.000054	0.695511	0.006681	0.130828
0.000054	0.699142	0.007381	0.140391
0.000054	0.702513	0.008074	0.150879
0.000054	0.705544	0.008754	0.162566
0.000054	0.708235	0.009417	0.176084
0.000053	0.710488	0.010056	0.192634
0.000053	0.712320	0.010644	0.213576
0.000053	0.713552	0.011170	0.240548
0.000053	0.714103	0.011633	0.273923
0.000053	0.714508	0.012068	0.311010
0.000053	0.714686	0.012484	0.349070
0.000053	0.714994	0.012896	0.387388
0.000053	0.715124	0.013310	0.426550
0.000053	0.715221	0.013718	0.465404
0.000053	0.715416	0.014126	0.504614
0.000053	0.715643	0.014528	0.544035
0.000053	0.715756	0.014931	0.584121
0.000053	0.715853	0.015328	0.624060
0.000053	0.716016	0.015722	0.664227
0.000053	0.715999	0.016117	0.705398
0.000053	0.716129	0.016504	0.746311
0.000053	0.716194	0.016886	0.787936
0.000053	0.716194	0.017263	0.829740
0.000053	0.716275	0.017638	0.872419
0.000053	0.716324	0.018005	0.915422
0.000053	0.716259	0.018365	0.959139
0.000053	0.716291	0.018723	1.004184
0.000053	0.716356	0.019066	1.049684
0.000053	0.716243	0.019400	1.096172
0.000053	0.716275	0.019720	1.143828
0.000053	0.716129	0.020029	1.193752
0.000053	0.715999	0.020317	1.244941
0.000053	0.716048	0.020586	1.297929
0.000053	0.715789	0.020837	1.353689
0.000053	0.715708	0.021066	1.411184
0.000053	0.715497	0.021268	1.470558
0.000053	0.715270	0.021451	1.533175
0.000053	0.715027	0.021607	1.597721
0.000053	0.714849	0.021736	1.664811
0.000053	0.714573	0.021846	1.733684
0.000053	0.714249	0.021940	1.805021
0.000053	0.713568	0.021977	1.801309
0.000053	0.713503	0.021897	1.728562
0.000053	0.713438	0.021794	1.658894
0.000053	0.713503	0.021663	1.591934
0.000053	0.713455	0.021505	1.527631
0.000053	0.713487	0.021318	1.465550
0.000053	0.713455	0.021108	1.406905
0.000053	0.713455	0.020871	1.350140
0.000053	0.713519	0.020610	1.295287
0.000053	0.713406	0.020332	1.243207
0.000053	0.713341	0.020035	1.193007
0.000053	0.713228	0.019719	1.143763
0.000053	0.713309	0.019396	1.096691
0.000053	0.713147	0.019058	1.050608
0.000053	0.713244	0.018709	1.005611
0.000053	0.713033	0.018351	0.960711
0.000053	0.712968	0.017990	0.917157
0.000053	0.712920	0.017622	0.874040
0.000053	0.712903	0.017248	0.831393
0.000053	0.712903	0.016870	0.789557
0.000053	0.712887	0.016488	0.748191
0.000053	0.712758	0.016102	0.706825
0.000053	0.712644	0.015709	0.665783
0.000053	0.712579	0.015317	0.625470
0.000053	0.712547	0.014920	0.585320
0.000053	0.712482	0.014518	0.545105
0.000053	0.712352	0.014119	0.505522
0.000053	0.712368	0.013713	0.466052
0.000053	0.712190	0.013307	0.427085
0.000053	0.712125	0.012895	0.387826
0.000053	0.711947	0.012484	0.349118
0.000053	0.711753	0.012068	0.311026
0.000053	0.711526	0.011633	0.273875
0.000053	0.710910	0.011169	0.240711
0.000054	0.709726	0.010643	0.213819
0.000054	0.708138	0.010052	0.193039
0.000054	0.705950	0.009413	0.176473
0.000054	0.703389	0.008750	0.163052
0.000054	0.700520	0.008070	0.151316
0.000054	0.697180	0.007378	0.140683
0.000054	0.693679	0.006677	0.131152
0.000054	0.689854	0.005974	0.121815
0.000054	0.685396	0.005267	0.112836
0.000054	0.680614	0.004551	0.104034
0.000054	0.675184	0.003846	0.095086
0.000054	0.669090	0.003143	0.085701
0.000055	0.661633	0.002443	0.075522
0.000055	0.652783	0.001760	0.064191
0.000055	0.641453	0.001100	0.050332
0.000055	0.624936	0.000479	0.031903
0.000056	0.598044	-0.000022	0.003358
0.000068	0.605468	-0.000023	0.003423
0.000067	0.630025	0.000505	0.029309
0.000067	0.645489	0.001138	0.046475
0.000066	0.656382	0.001806	0.059539
0.000066	0.665086	0.002495	0.070254
0.000066	0.672477	0.003201	0.079898
0.000066	0.678588	0.003910	0.088651
0.000066	0.684002	0.004620	0.096950
0.000066	0.689011	0.005342	0.105233
0.000066	0.693306	0.006058	0.113370
0.000066	0.697261	0.006771	0.121443
0.000066	0.701022	0.007483	0.130001
0.000065	0.704361	0.008193	0.138932
0.000065	0.707538	0.008895	0.148464
0.000065	0.710407	0.009586	0.158805
0.000065	0.713130	0.010272	0.170735
0.000065	0.715383	0.010931	0.184756
0.000065	0.717426	0.011558	0.201662
0.000065	0.718852	0.012139	0.223431
0.000065	0.719890	0.012661	0.251700
0.000065	0.720441	0.013124	0.285059
0.000065	0.720749	0.013558	0.321449
0.000065	0.720992	0.013986	0.359119
0.000065	0.721235	0.014406	0.396774
0.000065	0.721413	0.014824	0.434784
0.000065	0.721575	0.015240	0.472763
0.000065	0.721737	0.015660	0.511292
0.000065	0.721770	0.016072	0.549741
0.000065	0.721948	0.016482	0.588367
0.000065	0.722094	0.016895	0.627561
0.000065	0.722191	0.017303	0.666448
0.000065	0.722240	0.017707	0.705869
0.000065	0.722305	0.018108	0.745484
0.000065	0.722402	0.018510	0.785408
0.000065	0.722418	0.018906	0.825331
0.000065	0.722402	0.019297	0.865838
0.000065	0.722402	0.019691	0.907058
0.000065	0.722613	0.020077	0.948343
0.000065	0.722645	0.020458	0.989969
0.000065	0.722483	0.020834	1.031967
0.000065	0.722548	0.021212	1.074922
0.000065	0.722289	0.021576	1.117990
0.000065	0.722434	0.021937	1.161577
0.000065	0.722337	0.022297	1.206395
0.000065	0.722175	0.022645	1.251733
0.000065	0.722078	0.022984	1.297751
0.000065	0.722029	0.023316	1.345131
0.000065	0.721932	0.023633	1.393467
0.000065	0.721770	0.023937	1.443019
0.000065	0.721640	0.024228	1.493576
0.000065	0.721348	0.024509	1.546207
0.000065	0.720765	0.024514	1.545883
0.000065	0.720700	0.024230	1.493170
0.000065	0.720603	0.023938	1.442954
0.000065	0.720489	0.023631	1.393710
0.000065	0.720506	0.023311	1.345844
0.000065	0.720311	0.022974	1.298772
0.000065	0.720376	0.022632	1.253127
0.000065	0.720230	0.022281	1.208000
0.000065	0.720230	0.021919	1.163522
0.000065	0.720198	0.021555	1.120000
0.000065	0.720100	0.021190	1.077126
0.000065	0.720035	0.020814	1.034188
0.000065	0.719938	0.020436	0.992335
0.000065	0.719873	0.020053	0.950742
0.000065	0.719922	0.019668	0.909457
0.000065	0.719776	0.019275	0.868140
0.000065	0.719792	0.018882	0.827584
0.000065	0.719711	0.018488	0.787580
0.000065	0.719582	0.018088	0.747575
0.000065	0.719598	0.017688	0.707733
0.000065	0.719468	0.017286	0.668360
0.000065	0.719436	0.016880	0.629247
0.000065	0.719257	0.016467	0.589826
0.000065	0.719160	0.016060	0.551151
0.000065	0.719193	0.015650	0.512573
0.000065	0.719112	0.015231	0.473703
0.000065	0.718998	0.014817	0.435579
0.000065	0.718885	0.014401	0.397519
0.000065	0.718885	0.013982	0.359573
0.000065	0.718690	0.013556	0.321676
0.000065	0.718560	0.013124	0.285335
0.000065	0.718107	0.012660	0.251944
0.000065	0.717134	0.012137	0.223723
0.000065	0.715708	0.011553	0.202051
0.000065	0.713827	0.010928	0.185145
0.000065	0.711558	0.010269	0.171157
0.000065	0.709029	0.009584	0.159129
0.000065	0.706452	0.008892	0.148755
0.000065	0.703324	0.008190	0.139192
0.000066	0.700001	0.007482	0.130115
0.000066	0.696532	0.006770	0.121734
0.000066	0.692642	0.006057	0.113500
0.000066	0.688217	0.005342	0.105444
0.000066	0.683484	0.004620	0.097096
0.000066	0.678216	0.003910	0.088716
0.000066	0.672121	0.003201	0.079898
0.000066	0.664973	0.002495	0.070221
0.000066	0.656317	0.001806	0.059491
0.000067	0.645570	0.001138	0.046523
0.000067	0.630139	0.000505	0.029341
0.000068	0.605873	-0.000023	0.003471
0.000079	0.612211	-0.000025	0.003617
0.000079	0.634580	0.000526	0.027218
0.000078	0.649023	0.001169	0.043330
0.000078	0.659591	0.001843	0.055730
0.000078	0.667858	0.002537	0.065942
0.000078	0.675038	0.003248	0.075295
0.000078	0.681068	0.003961	0.083562
0.000078	0.686401	0.004675	0.091455
0.000078	0.691248	0.005402	0.099268
0.000077	0.695608	0.006123	0.106757
0.000077	0.699531	0.006844	0.114311
0.000077	0.703259	0.007563	0.122010
0.000077	0.706566	0.008280	0.129985
0.000077	0.709775	0.008995	0.138203
0.000077	0.712774	0.009702	0.147199
0.000077	0.715464	0.010408	0.156957
0.000077	0.717977	0.011099	0.167753
0.000077	0.720214	0.011771	0.180234
0.000077	0.722208	0.012419	0.195033
0.000077	0.723812	0.013040	0.213673
0.000077	0.725044	0.013602	0.237323
0.000077	0.725806	0.014105	0.266953
0.000077	0.726260	0.014564	0.301625
0.000077	0.726584	0.014998	0.337901
0.000077	0.726892	0.015426	0.374794
0.000077	0.726892	0.015850	0.411913
0.000077	0.727087	0.016278	0.449665
0.000077	0.727265	0.016699	0.487157
0.000077	0.727313	0.017120	0.524778
0.000077	0.727508	0.017545	0.562984
0.000077	0.727573	0.017962	0.600913
0.000077	0.727686	0.018378	0.638908
0.000077	0.727784	0.018793	0.677275
0.000077	0.727881	0.019207	0.715886
0.000077	0.727946	0.019616	0.754577
0.000077	0.727962	0.020024	0.793528
0.000077	0.727994	0.020434	0.832917
0.000077	0.727994	0.020837	0.872241
0.000077	0.728075	0.021236	0.911970
0.000077	0.728108	0.021632	0.951845
0.000077	0.728010	0.022032	0.992465
0.000077	0.728027	0.022424	1.033069
0.000077	0.728027	0.022813	1.074014
0.000077	0.727848	0.023201	1.115688
0.000077	0.727832	0.023585	1.157460
0.000077	0.727784	0.023964	1.199393
0.000077	0.727702	0.024340	1.242283
0.000077	0.727589	0.024708	1.285140
0.000077	0.727492	0.025073	1.328630
0.000077	0.727427	0.025432	1.372460
0.000077	0.727362	0.025787	1.417360
0.000077	0.726795	0.025781	1.418251
0.000077	0.726584	0.025422	1.373432
0.000077	0.726535	0.025060	1.330040
0.000077	0.726276	0.024691	1.286972
0.000077	0.726195	0.024322	1.244293
0.000077	0.725984	0.023940	1.201598
0.000077	0.726033	0.023561	1.159923
0.000077	0.725790	0.023176	1.118136
0.000077	0.725790	0.022785	1.076721
0.000077	0.725676	0.022396	1.035906
0.000077	0.725563	0.022004	0.995480
0.000077	0.725611	0.021604	0.954811
0.000077	0.725466	0.021209	0.914887
0.000077	0.725239	0.020810	0.875142
0.000077	0.725304	0.020407	0.835737
0.000077	0.725239	0.019998	0.796041
0.000077	0.725158	0.019591	0.757236
0.000077	0.725109	0.019183	0.718334
0.000077	0.724979	0.018771	0.679528
0.000077	0.724963	0.018356	0.641031
0.000077	0.724850	0.017945	0.602842
0.000077	0.724720	0.017529	0.564750
0.000077	0.724688	0.017107	0.526221
0.000077	0.724525	0.016688	0.488453
0.000077	0.724477	0.016268	0.450880
0.000077	0.724428	0.015842	0.412886
0.000077	0.724250	0.015419	0.375604
0.000077	0.724136	0.014993	0.338323
0.000077	0.723974	0.014561	0.301901
0.000077	0.723569	0.014101	0.267359
0.000077	0.722969	0.013600	0.237760
0.000077	0.721754	0.013036	0.214127
0.000077	0.720117	0.012416	0.195535
0.000077	0.718236	0.011765	0.180639
0.000077	0.716145	0.011095	0.168190
0.000077	0.713698	0.010404	0.157379
0.000077	0.710942	0.009699	0.147491
0.000077	0.708089	0.008991	0.138722
0.000077	0.705074	0.008278	0.130374
0.000077	0.701816	0.007560	0.122383
0.000077	0.698234	0.006841	0.114570
0.000077	0.694344	0.006121	0.107016
0.000078	0.690032	0.005402	0.099430
0.000078	0.685348	0.004673	0.091650
0.000078	0.680161	0.003961	0.083675
0.000078	0.674244	0.003248	0.075392
0.000078	0.667193	0.002537	0.066072
0.000078	0.659024	0.001843	0.055779
0.000078	0.648601	0.001169	0.043525
0.000079	0.634159	0.000526	0.027332
0.000079	0.611920	-0.000025	0.003634
0.000091	0.617496	-0.000025	0.003634
0.000090	0.638146	0.000543	0.025548
0.000090	0.651892	0.001194	0.040850
0.000090	0.662039	0.001875	0.052537
0.000090	0.670257	0.002571	0.062522
0.000090	0.676967	0.003287	0.071405
0.000090	0.682965	0.004002	0.079396
0.000089	0.688168	0.004720	0.086965
0.000089	0.692917	0.005452	0.094292
0.000089	0.697213	0.006174	0.101440
0.000089	0.701168	0.006900	0.108540
0.000089	0.704750	0.007624	0.115656
0.000089	0.708170	0.008350	0.122999
0.000089	0.711315	0.009071	0.130552
0.000089	0.714330	0.009787	0.138365
0.000089	0.717085	0.010507	0.146940
0.000089	0.719646	0.011213	0.156082
0.000089	0.722078	0.011908	0.166115
0.000089	0.724299	0.012591	0.177608
0.000089	0.726179	0.013259	0.191305
0.000089	0.727929	0.013895	0.207676
0.000089	0.729372	0.014488	0.228408
0.000089	0.730264	0.015030	0.255104
0.000089	0.730798	0.015509	0.286713
0.000089	0.731123	0.015957	0.321789
0.000089	0.731382	0.016391	0.358098
0.000089	0.731609	0.016826	0.395250
0.000089	0.731658	0.017254	0.431980
0.000088	0.731966	0.017680	0.468970
0.000088	0.731966	0.018111	0.506478
0.000088	0.732144	0.018535	0.543695
0.000088	0.732225	0.018958	0.581089
0.000088	0.732387	0.019381	0.618517
0.000088	0.732338	0.019802	0.656284
0.000088	0.732468	0.020222	0.694101
0.000088	0.732517	0.020639	0.732371
0.000088	0.732581	0.021058	0.770835
0.000088	0.732630	0.021469	0.809008
0.000088	0.732646	0.021880	0.847635
0.000088	0.732663	0.022290	0.886327
0.000088	0.732663	0.022702	0.925748
0.000088	0.732727	0.023106	0.964861
0.000088	0.732581	0.023509	1.004411
0.000088	0.732549	0.023912	1.044562
0.000088	0.732484	0.024313	1.084826
0.000088	0.732500	0.024708	1.125090
0.000088	0.732371	0.025102	1.165888
0.000088	0.732419	0.025492	1.206882
0.000088	0.732128	0.025878	1.248070
0.000088	0.732030	0.026258	1.289403
0.000088	0.731966	0.026641	1.331888
0.000089	0.731414	0.026633	1.332682
0.000089	0.731155	0.026244	1.290911
0.000089	0.731090	0.025861	1.249820
0.000089	0.730896	0.025471	1.208908
0.000089	0.730831	0.025079	1.168466
0.000089	0.730685	0.024680	1.127716
0.000089	0.730507	0.024284	1.087614
0.000089	0.730523	0.023883	1.047625
0.000089	0.730377	0.023479	1.007475
0.000089	0.730264	0.023074	0.968135
0.000089	0.730231	0.022672	0.928844
0.000089	0.730150	0.022260	0.889390
0.000089	0.729988	0.021851	0.850569
0.000089	0.729923	0.021440	0.811975
0.000089	0.729923	0.021030	0.773769
0.000089	0.729842	0.020613	0.734835
0.000089	0.729615	0.020196	0.696759
0.000089	0.729567	0.019779	0.658878
0.000089	0.729486	0.019360	0.620835
0.000089	0.729356	0.018939	0.583116
0.000089	0.729340	0.018518	0.545526
0.000089	0.729210	0.018095	0.508131
0.000089	0.729178	0.017667	0.470348
0.000089	0.728999	0.017243	0.433326
0.000089	0.728902	0.016817	0.396141
0.000089	0.728821	0.016385	0.358860
0.000089	0.728626	0.015952	0.322422
0.000089	0.728399	0.015506	0.287345
0.000089	0.727767	0.015024	0.255493
0.000089	0.727119	0.014485	0.228894
0.000089	0.725725	0.013890	0.208211
0.000089	0.724088	0.013255	0.191872
0.000089	0.722126	0.012586	0.178272
0.000089	0.720181	0.011903	0.166683
0.000089	0.717718	0.011209	0.156568
0.000089	0.715286	0.010503	0.147442
0.000089	0.712660	0.009784	0.138851
0.000089	0.709694	0.009068	0.130925
0.000089	0.706582	0.008348	0.123307
0.000089	0.703324	0.007624	0.115931
0.000089	0.699725	0.006899	0.108799
0.000089	0.695819	0.006174	0.101651
0.000089	0.691685	0.005450	0.094600
0.000089	0.687050	0.004719	0.087030
0.000090	0.681895	0.004002	0.079525
0.000090	0.676108	0.003286	0.071421
0.000090	0.669317	0.002572	0.062652
0.000090	0.661309	0.001874	0.052586
0.000090	0.651259	0.001196	0.040899
0.000091	0.637660	0.000543	0.025532
0.000091	0.617155	-0.000025	0.003812
0.000103	0.622083	-0.000026	0.003747
0.000102	0.641177	0.000558	0.024171
0.000102	0.654274	0.001217	0.038597
0.000102	0.664049	0.001901	0.049927
0.000102	0.671926	0.002602	0.059426
0.000101	0.678588	0.003319	0.068001
0.000101	0.684424	0.004039	0.075846
0.000101	0.689578	0.004758	0.083059
0.000101	0.694247	0.005492	0.090191
0.000101	0.698445	0.006219	0.096918
0.000101	0.702400	0.006948	0.103710
0.000101	0.705917	0.007677	0.110420
0.000101	0.709386	0.008406	0.117309
0.000101	0.712531	0.009133	0.124295
0.000101	0.715464	0.009856	0.131606
0.000101	0.718252	0.010584	0.139240
0.000101	0.720911	0.011299	0.147248
0.000100	0.723245	0.012008	0.155920
0.000100	0.725514	0.012710	0.165516
0.000100	0.727751	0.013404	0.176489
0.000100	0.729745	0.014078	0.189084
0.000100	0.731398	0.014725	0.204256
0.000100	0.732889	0.015344	0.223156
0.000100	0.733943	0.015907	0.246984
0.000100	0.734543	0.016413	0.276533
0.000100	0.734997	0.016875	0.310005
0.000100	0.735288	0.017320	0.345893
0.000100	0.735369	0.017755	0.382282
0.000100	0.735629	0.018186	0.418672
0.000100	0.735856	0.018621	0.455630
0.000100	0.735937	0.019050	0.492376
0.000100	0.736180	0.019479	0.529155
0.000100	0.736261	0.019906	0.566274
0.000100	0.736310	0.020335	0.603426
0.000100	0.736504	0.020759	0.640723
0.000100	0.736520	0.021182	0.677972
0.000100	0.736601	0.021606	0.716080
0.000100	0.736699	0.022027	0.753637
0.000100	0.736666	0.022447	0.791535
0.000100	0.736780	0.022863	0.829124
0.000100	0.736796	0.023282	0.867816
0.000100	0.736715	0.023695	0.906199
0.000100	0.736861	0.024107	0.944794
0.000100	0.736747	0.024521	0.983907
0.000100	0.736699	0.024930	1.023068
0.000100	0.736747	0.025335	1.062246
0.000100	0.736634	0.025743	1.102170
0.000100	0.736520	0.026142	1.141834
0.000100	0.736553	0.026540	1.181806
0.000100	0.736488	0.026936	1.221827
0.000100	0.736342	0.027333	1.262820
0.000100	0.736018	0.027326	1.263452
0.000100	0.735613	0.026922	1.223188
0.000100	0.735532	0.026524	1.183411
0.000100	0.735483	0.026123	1.143811
0.000100	0.735337	0.025721	1.104390
0.000100	0.735256	0.025312	1.064661
0.000100	0.735126	0.024904	1.025597
0.000100	0.735045	0.024495	0.986500
0.000100	0.734932	0.024080	0.947419
0.000100	0.734818	0.023669	0.908922
0.000100	0.734591	0.023255	0.870490
0.000100	0.734656	0.022837	0.831766
0.000100	0.734591	0.022422	0.793836
0.000100	0.734494	0.022004	0.756166
0.000100	0.734365	0.021584	0.718301
0.000100	0.734348	0.021160	0.680258
0.000100	0.734235	0.020739	0.642701
0.000100	0.734089	0.020317	0.605420
0.000100	0.733975	0.019889	0.567992
0.000100	0.733992	0.019464	0.530792
0.000100	0.733943	0.019038	0.493754
0.000100	0.733813	0.018609	0.456861
0.000100	0.733732	0.018177	0.419742
0.000100	0.733651	0.017747	0.383028
0.000100	0.733424	0.017315	0.346606
0.000100	0.733214	0.016869	0.310556
0.000100	0.733003	0.016409	0.276906
0.000100	0.732436	0.015903	0.247486
0.000100	0.731301	0.015340	0.223658
0.000100	0.730037	0.014719	0.204531
0.000100	0.728432	0.014072	0.189522
0.000100	0.726568	0.013400	0.176959
0.000100	0.724542	0.012706	0.166018
0.000101	0.722256	0.012005	0.156260
0.000101	0.719906	0.011298	0.147588
0.000101	0.717377	0.010582	0.139338
0.000101	0.714703	0.009854	0.131752
0.000101	0.711817	0.009132	0.124409
0.000101	0.708657	0.008405	0.117407
0.000101	0.705431	0.007676	0.110518
0.000101	0.701865	0.006947	0.103856
0.000101	0.698039	0.006220	0.097080
0.000101	0.693971	0.005493	0.090288
0.000101	0.689319	0.004759	0.083221
0.000101	0.684343	0.004038	0.075749
0.000101	0.678605	0.003320	0.068033
0.000102	0.671943	0.002602	0.059377
0.000102	0.664211	0.001902	0.049992
0.000102	0.654518	0.001215	0.038662
0.000102	0.641583	0.000557	0.023976
0.000103	0.622423	-0.000026	0.003731
0.000114	0.626881	-0.000027	0.003828
0.000114	0.644857	0.000570	0.022842
0.000114	0.657273	0.001236	0.036587
0.000114	0.666788	0.001924	0.047480
0.000113	0.674293	0.002628	0.056816
0.000113	0.680906	0.003348	0.065099
0.000113	0.686725	0.004069	0.072523
0.000113	0.691653	0.004793	0.079720
0.000113	0.696338	0.005530	0.086414
0.000113	0.700536	0.006259	0.093044
0.000113	0.704345	0.006989	0.099398
0.000113	0.707976	0.007722	0.105979
0.000113	0.711299	0.008455	0.112349
0.000112	0.714362	0.009185	0.118898
0.000112	0.717377	0.009914	0.125641
0.000112	0.720230	0.010647	0.132773
0.000112	0.722840	0.011370	0.140051
0.000112	0.725255	0.012086	0.147815
0.000112	0.727589	0.012799	0.156195
0.000112	0.729875	0.013510	0.165597
0.000112	0.731884	0.014205	0.176003
0.000112	0.733684	0.014881	0.187998
0.000112	0.735418	0.015547	0.202278
0.000112	0.736861	0.016173	0.219752
0.000112	0.737882	0.016755	0.241813
0.000112	0.738757	0.017281	0.269206
0.000112	0.739049	0.017763	0.301755
0.000112	0.739422	0.018212	0.336556
0.000112	0.739649	0.018650	0.372281
0.000112	0.739859	0.019091	0.408931
0.000112	0.739892	0.019524	0.445191
0.000112	0.739957	0.019955	0.481710
0.000112	0.740103	0.020387	0.518181
0.000112	0.740265	0.020819	0.555122
0.000112	0.740346	0.021247	0.591836
0.000112	0.740394	0.021675	0.628745
0.000112	0.740411	0.022106	0.666091
0.000112	0.740459	0.022531	0.703210
0.000112	0.740524	0.022955	0.740605
0.000112	0.740524	0.023377	0.778000
0.000112	0.740589	0.023803	0.815735
0.000112	0.740492	0.024222	0.853616
0.000112	0.740589	0.024639	0.891595
0.000112	0.740508	0.025059	0.930157
0.000112	0.740443	0.025475	0.968637
0.000112	0.740475	0.025886	1.007167
0.000112	0.740459	0.026301	1.046248
0.000112	0.740216	0.026708	1.085231
0.000112	0.740281	0.027114	1.124376
0.000112	0.740135	0.027517	1.163522
0.000112	0.739973	0.027923	1.203624
0.000112	0.739454	0.027912	1.204807
0.000112	0.739227	0.027502	1.165224
0.000112	0.739146	0.027096	1.126403
0.000112	0.738936	0.026685	1.087435
0.000112	0.738822	0.026276	1.048857
0.000112	0.738709	0.025860	1.009858
0.000112	0.738579	0.025447	0.971523
0.000112	0.738482	0.025029	0.933188
0.000112	0.738320	0.024609	0.894658
0.000112	0.738336	0.024191	0.856777
0.000112	0.738303	0.023773	0.818896
0.000112	0.738141	0.023348	0.780934
0.000112	0.737979	0.022927	0.743620
0.000112	0.737914	0.022504	0.706095
0.000112	0.737817	0.022080	0.668733
0.000112	0.737785	0.021651	0.631046
0.000112	0.737736	0.021225	0.594073
0.000112	0.737590	0.020800	0.557165
0.000112	0.737477	0.020369	0.520078
0.000112	0.737331	0.019939	0.483218
0.000112	0.737250	0.019510	0.446698
0.000112	0.737185	0.019079	0.410211
0.000112	0.737071	0.018641	0.373416
0.000112	0.736861	0.018205	0.337383
0.000112	0.736666	0.017757	0.302387
0.000112	0.736229	0.017275	0.269839
0.000112	0.735515	0.016749	0.242429
0.000112	0.734413	0.016166	0.220481
0.000112	0.733100	0.015540	0.202911
0.000112	0.731577	0.014875	0.188663
0.000112	0.729777	0.014199	0.176716
0.000112	0.727686	0.013506	0.166148
0.000112	0.725563	0.012796	0.156730
0.000112	0.723326	0.012084	0.148318
0.000112	0.720959	0.011367	0.140537
0.000112	0.718431	0.010643	0.133065
0.000112	0.715675	0.009911	0.125900
0.000113	0.712774	0.009182	0.119190
0.000113	0.709645	0.008453	0.112690
0.000113	0.706436	0.007721	0.106206
0.000113	0.702870	0.006988	0.099738
0.000113	0.699174	0.006257	0.093238
0.000113	0.695187	0.005528	0.086625
0.000113	0.690405	0.004791	0.079898
0.000113	0.685607	0.004068	0.072750
0.000113	0.680015	0.003348	0.065229
0.000113	0.673547	0.002628	0.056800
0.000114	0.665961	0.001923	0.047674
0.000114	0.656609	0.001236	0.036636
0.000114	0.644257	0.000569	0.022890
0.000114	0.626540	-0.000027	0.003860
