0.000051	0.596796	-0.000021	0.003261
0.000051	0.596958	-0.000022	0.003228
0.000051	0.596958	-0.000022	0.003277
0.000051	0.596991	-0.000021	0.003309
0.000051	0.597072	-0.000021	0.003180
0.000051	0.597088	-0.000021	0.003261
0.000051	0.597153	-0.000021	0.003163
0.000051	0.597234	-0.000022	0.003277
0.000051	0.597218	-0.000021	0.003228
0.000051	0.597347	-0.000022	0.003261
0.000051	0.597364	-0.000022	0.003212
0.000051	0.597364	-0.000022	0.003228
0.000051	0.597493	-0.000022	0.003277
0.000051	0.597428	-0.000022	0.003277
0.000051	0.597509	-0.000021	0.003261
0.000051	0.597639	-0.000022	0.003212
0.000051	0.597558	-0.000022	0.003050
0.000051	0.597574	-0.000021	0.003293
0.000051	0.597655	-0.000021	0.003326
0.000051	0.597736	-0.000022	0.003309
0.000051	0.597655	-0.000021	0.003245
0.000051	0.597753	-0.000021	0.003212
0.000051	0.597769	-0.000021	0.003212
0.000051	0.597801	-0.000021	0.003261
0.000051	0.597850	-0.000021	0.003245
0.000051	0.597898	-0.000020	0.003163
0.000051	0.597931	-0.000022	0.003196
0.000051	0.598012	-0.000021	0.003245
0.000051	0.597996	-0.000021	0.003180
0.000051	0.598077	-0.000021	0.003131
0.000051	0.598093	-0.000022	0.003180
0.000051	0.598061	-0.000022	0.003309
0.000051	0.598125	-0.000022	0.003115
0.000051	0.598077	-0.000022	0.003228
0.000051	0.598206	-0.000021	0.003196
0.000051	0.598190	-0.000022	0.003277
0.000051	0.598287	-0.000022	0.003261
0.000051	0.598206	-0.000022	0.003212
0.000051	0.598223	-0.000021	0.003326
0.000051	0.598336	-0.000021	0.003261
0.000051	0.598287	-0.000021	0.003212
0.000051	0.598466	-0.000022	0.003099
0.000051	0.598417	-0.000022	0.003180
0.000051	0.598352	-0.000021	0.003293
0.000051	0.598466	-0.000022	0.003228
0.000051	0.598401	-0.000022	0.003163
0.000051	0.598498	-0.000021	0.003277
0.000051	0.598498	-0.000022	0.003228
0.000051	0.598514	-0.000021	0.003196
0.000051	0.598531	-0.000022	0.003212
0.000051	0.598660	-0.000021	0.003131
0.000049	0.714573	0.019531	1.376204
0.000049	0.714427	0.019537	1.375702
0.000049	0.714265	0.019540	1.375361
0.000049	0.714168	0.019543	1.374891
0.000049	0.714038	0.019548	1.374567
0.000049	0.713925	0.019550	1.374259
0.000049	0.713779	0.019555	1.373870
0.000049	0.713779	0.019557	1.373627
0.000049	0.713617	0.019561	1.373027
0.000049	0.713519	0.019563	1.372897
0.000049	0.713438	0.019565	1.372670
0.000049	0.713373	0.019568	1.372411
0.000049	0.713228	0.019570	1.372103
0.000049	0.713147	0.019573	1.372038
0.000049	0.713049	0.019575	1.371747
0.000049	0.713017	0.019576	1.371633
0.000049	0.712984	0.019578	1.371341
0.000049	0.712920	0.019580	1.371114
0.000049	0.712806	0.019583	1.371050
0.000049	0.712709	0.019584	1.370774
0.000049	0.712676	0.019586	1.370579
0.000049	0.712612	0.019586	1.370450
0.000049	0.712482	0.019589	1.370320
0.000049	0.712498	0.019590	1.370223
0.000049	0.712466	0.019592	1.369882
0.000049	0.712304	0.019595	1.369607
0.000049	0.712304	0.019596	1.369623
0.000049	0.712190	0.019597	1.369575
0.000049	0.712206	0.019598	1.369315
0.000049	0.712125	0.019602	1.369040
0.000049	0.712012	0.019602	1.368910
0.000049	0.711979	0.019603	1.368861
0.000049	0.711834	0.019605	1.368602
0.000049	0.711769	0.019607	1.368440
0.000049	0.711817	0.019611	1.367889
0.000049	0.711736	0.019612	1.367905
0.000049	0.711704	0.019613	1.367824
0.000049	0.711590	0.019615	1.367743
0.000049	0.711558	0.019616	1.367565
0.000049	0.711428	0.019617	1.367386
0.000049	0.711412	0.019618	1.367321
0.000049	0.711299	0.019620	1.367078
0.000049	0.711250	0.019621	1.366949
0.000049	0.711153	0.019623	1.366722
0.000049	0.711104	0.019623	1.366624
0.000049	0.710974	0.019626	1.366592
0.000049	0.710991	0.019628	1.366268
0.000049	0.710942	0.019628	1.366122
0.000049	0.710893	0.019631	1.365895
0.000049	0.710942	0.019632	1.365895
0.000049	0.710780	0.019632	1.365863
0.000049	0.702724	0.021562	4.507901
0.000049	0.702157	0.021598	4.504383
0.000049	0.701735	0.021631	4.501044
0.000049	0.701135	0.021663	4.497916
0.000049	0.700763	0.021692	4.494949
0.000049	0.700357	0.021720	4.492048
0.000049	0.699985	0.021748	4.489422
0.000049	0.699596	0.021776	4.486456
0.000049	0.699239	0.021801	4.483992
0.000049	0.698801	0.021824	4.481641
0.000049	0.698412	0.021848	4.479372
0.000049	0.698039	0.021874	4.476811
0.000049	0.697780	0.021895	4.474396
0.000049	0.697440	0.021919	4.472240
0.000049	0.697180	0.021938	4.470149
0.000049	0.696759	0.021959	4.468123
0.000049	0.696581	0.021982	4.465967
0.000049	0.696240	0.022003	4.463811
0.000049	0.695867	0.022023	4.461574
0.000049	0.695527	0.022043	4.459613
0.000049	0.695251	0.022064	4.457651
0.000049	0.694960	0.022084	4.455642
0.000049	0.694603	0.022103	4.453583
0.000049	0.694392	0.022122	4.451913
0.000049	0.694084	0.022140	4.450017
0.000049	0.693793	0.022159	4.448169
0.000049	0.693598	0.022178	4.446272
0.000049	0.693258	0.022197	4.444425
0.000049	0.692966	0.022213	4.442787
0.000049	0.692739	0.022229	4.441134
0.000049	0.692496	0.022244	4.439465
0.000049	0.692301	0.022264	4.437714
0.000049	0.692026	0.022279	4.436223
0.000049	0.691783	0.022294	4.434602
0.000049	0.691523	0.022310	4.432867
0.000049	0.691394	0.022325	4.431408
0.000049	0.691086	0.022339	4.430079
0.000049	0.690875	0.022354	4.428410
0.000049	0.690632	0.022371	4.426854
0.000049	0.690421	0.022384	4.425362
0.000049	0.690259	0.022399	4.423839
0.000049	0.689967	0.022415	4.422331
0.000049	0.689724	0.022430	4.421083
0.000049	0.689594	0.022441	4.419916
0.000049	0.689384	0.022453	4.418538
0.000049	0.689238	0.022464	4.417647
0.000049	0.689076	0.022473	4.416512
0.000049	0.688914	0.022486	4.415248
0.000049	0.688784	0.022496	4.414307
0.000049	0.688541	0.022508	4.413189
0.000049	0.688411	0.022517	4.412200
0.000049	0.677762	0.023841	7.613535
0.000049	0.677048	0.023890	7.608672
0.000049	0.676270	0.023934	7.604328
0.000049	0.675638	0.023978	7.599951
0.000050	0.675087	0.024021	7.595655
0.000050	0.674487	0.024059	7.591652
0.000050	0.673790	0.024098	7.587794
0.000050	0.673304	0.024136	7.583984
0.000050	0.672591	0.024174	7.580062
0.000050	0.672202	0.024211	7.576512
0.000050	0.671683	0.024242	7.573399
0.000050	0.671051	0.024277	7.569882
0.000050	0.670516	0.024314	7.566186
0.000050	0.670062	0.024346	7.563090
0.000050	0.669479	0.024376	7.559962
0.000050	0.669090	0.024408	7.556574
0.000050	0.668539	0.024439	7.553624
0.000050	0.668117	0.024469	7.550544
0.000050	0.667712	0.024497	7.547707
0.000050	0.667258	0.024526	7.544838
0.000050	0.666820	0.024555	7.541953
0.000050	0.666415	0.024583	7.539197
0.000050	0.665961	0.024612	7.536247
0.000050	0.665605	0.024638	7.533443
0.000050	0.665021	0.024666	7.530736
0.000050	0.664713	0.024694	7.528061
0.000050	0.664308	0.024723	7.524868
0.000050	0.663805	0.024749	7.522371
0.000050	0.663400	0.024777	7.519454
0.000050	0.662963	0.024804	7.516779
0.000050	0.662460	0.024831	7.514186
0.000050	0.662087	0.024859	7.511365
0.000050	0.661731	0.024882	7.508999
0.000050	0.661277	0.024907	7.506340
0.000050	0.660920	0.024935	7.503633
0.000050	0.660547	0.024959	7.501169
0.000050	0.660110	0.024985	7.498624
0.000050	0.659705	0.025008	7.496323
0.000050	0.659315	0.025030	7.494167
0.000050	0.659040	0.025055	7.491525
0.000050	0.658618	0.025076	7.489515
0.000050	0.658213	0.025099	7.487213
0.000050	0.657921	0.025124	7.484733
0.000050	0.657646	0.025146	7.482463
0.000050	0.657208	0.025165	7.480340
0.000050	0.656933	0.025185	7.478573
0.000050	0.656511	0.025206	7.476417
0.000050	0.656187	0.025224	7.474342
0.000050	0.655960	0.025244	7.472478
0.000050	0.655685	0.025264	7.470582
0.000050	0.655312	0.025284	7.468669
